5000940
4199040
4898880
9797760
9797760
2177280
13063680
7257600
25401600
50803200
71124480
284497920
568995840
189665280
158054400
112896000
84672000
84672000
381024000
63504000
114307200
65318400
146966400
62985600
62985600
283435200
566870400
1020366720
1632586752
1632586752
2040733440
453496320
78382080
371589120
2972712960
1857945600
2477260800
1651507200
412876800
294912000
221184000
235146240
167961600
188956800
104976000
42865200
342921600
244944000
244944000
69984000
812851200
812851200
270950400
1975599104
1223872512
2039787520
3225600
2419200
604800
967680
2419200
3628800
3628800
677376
225792
28224
4032
12096
72576
145152
145152
290304
373248
1492992
6718464
6718464
3359232
2239488
6718464
20155392
53747712
13063680
3265920
26127360
17418240
27869184
424673280
495452160
495452160
1114767360
836075520
2709504
24385536
27869184
97542144
219469824
768144384
987614208
630118440
120960000
96768000
96768000
2016000
1008000
3024000
10584000
13230000
9922500
59535000
107163000
107163000
428652000
214326000
1500282000
2700507600
3780710640
231723568
3546506624
185874944
1082043392
1792336896
2091059712
929359872
313528320
235146240
313528320
940584960
376233984
125411328
55738368
148635648
148635648
1189085184
396361728
509607936
445906944
222953472
74317824
37158912
6193152
9289728
32514048
40642560
30481920
76204800
66679200
365783040
261273600
87091200
62208000
31104000
258048000
258048000
309657600
309657600
495452160
123863040
123863040
371589120
743178240
212336640
297271296
37158912
32514048
5419008
3612672
4214784
4741632
5334336
10668672
42674688
28449792
28449792
28449792
36578304
73156608
83607552
167215104
125411328
627056640
78382080
117573120
39191040
19595520
9797760
1959552
1959552
559872
1119744
279936
1119744
1866240
1658880
9953280
1105920
7741440
30965760
61931520
371589120
247726080
619315200
619315200
928972800
1161216000
2090188800
261273600
87091200
348364800
248832000
186624000
186624000
155520000
77760000
139968000
69984000
163296000
195955200
108864000
435456000
1088640000
1632960000
2612736000
870912000
1161216000
928972800
3715891200
3715891200
928972800
265420800
353894400
566231040
424673280
84934656
56623104
14155776
42467328
223948800
199065600
33177600
33177600
24883200
2048385024
1820786688
910393344
1170505728
462944160
462944160
132269760
208372500
250047000
150028200
100018800
66679200
80015040
102876480
257191200
171460800
24494400
97977600
156764160
44789760
268738560
313528320

3780710640